# Left and right camera calibration data
# Cameras 5MP FLIR Blackfly S BFS-U3-51S5M-C lente 12 mm edmund
# Matlab - 2025-08-28
# Left camera

# Left camera
camera_matrix_left:
  - [ 3501.6, 0.0, 1219.0 ]
  - [ 0.0, 3497.0, 1000.7 ]
  - [ 0.0, 0.0, 1.0 ]

dist_coeffs_left: [ -0.24082, 0.13621, 0.00079167, -0.00032535, 0.34904 ]

rot_matrix_left:
  - [ 0.953, 0.0027603, -0.30295 ]
  - [ -0.0024304, 1.0, 0.001466 ]
  - [ 0.30295, -0.00066086, 0.95301 ]

t_left: [ -299.85, -111.99, 976.59 ]

# Right camera
camera_matrix_right:
  - [ 3514.7, 0.0, 1201.8 ]
  - [ 0.0, 3508.3, 960.6 ]
  - [ 0.0, 0.0, 1.0 ]

dist_coeffs_right: [ -0.23412, 0.071857, -0.0015841, 0.00037514, 0.6035 ]

rot_matrix_right:
  - [ 0.93077, -0.004642, 0.36557 ]
  - [ 0.0022829, 0.99997, 0.0068851 ]
  - [ -0.36559, -0.0055739, 0.93076 ]

t_right: [ -9.178, -107.24, 1100.0 ]

# Stereo extrinsics
R:
  - [ 0.77627, -0.0063682, 0.63037 ]
  - [ 0.0028501, 0.99997, 0.0065923 ]
  - [ -0.63039, -0.0033208, 0.77627 ]

T: [ -392.74, -0.84042, 152.51 ]

